Some((
    red: 0.8627451,
    green: 0.39999998,
    blue: 0.39999998,
))