Some((
    red: 0.11764706,
    green: 0.11764706,
    blue: 0.11764706,
    alpha: 1.0,
))