Some((
    red: 0.8784314,
    green: 0.8784314,
    blue: 0.8784314,
))